{
  "step": "step_4_3_experiment_10_cka_before_after_alignment",
  "tasks": [
    "sst2",
    "mnli",
    "qnli",
    "cola",
    "rte"
  ],
  "adapters_dir": "/home/md2503/av735/LoRA_Merging/adapters",
  "alignment": {
    "method": "GPA",
    "max_iter": 100,
    "tol": 1e-06,
    "init": "first",
    "normalise_a_factors": false
  },
  "module_count": 196,
  "average_pairwise_cka_before": 0.008300936600099538,
  "average_pairwise_cka_after": 0.008472720774874206,
  "average_pairwise_cka_delta": 0.00017178417477466817,
  "average_cka_before_matrix": [
    [
      1.0,
      0.008664959853358224,
      0.007794632079859017,
      0.008123075071905208,
      0.007978639772104822
    ],
    [
      0.008664959853358224,
      1.0,
      0.010112950125737687,
      0.007564786789233188,
      0.007893701467653546
    ],
    [
      0.007794632079859017,
      0.010112950125737687,
      1.0,
      0.007976303487358026,
      0.008122109786051383
    ],
    [
      0.008123075071905208,
      0.007564786789233188,
      0.007976303487358026,
      1.0,
      0.008778207567734264
    ],
    [
      0.007978639772104822,
      0.007893701467653546,
      0.008122109786051383,
      0.008778207567734264,
      1.0
    ]
  ],
  "average_cka_after_matrix": [
    [
      1.0,
      0.008896096740203092,
      0.007964767720871034,
      0.008305850521630456,
      0.008163706878525662
    ],
    [
      0.008896096740203092,
      1.0,
      0.01008024766871335,
      0.007827740347628216,
      0.008067485679188097
    ],
    [
      0.007964767720871034,
      0.01008024766871335,
      1.0,
      0.008181003398114664,
      0.008305686617172703
    ],
    [
      0.008305850521630456,
      0.007827740347628216,
      0.008181003398114664,
      1.0,
      0.008934622176694778
    ],
    [
      0.008163706878525662,
      0.008067485679188097,
      0.008305686617172703,
      0.008934622176694778,
      1.0
    ]
  ],
  "average_cka_delta_matrix": [
    [
      0.0,
      0.00023113688684486822,
      0.00017013564101201698,
      0.00018277544972524797,
      0.00018506710642083972
    ],
    [
      0.00023113688684486822,
      0.0,
      -3.2702457024335815e-05,
      0.00026295355839502793,
      0.00017378421153455177
    ],
    [
      0.00017013564101201698,
      -3.2702457024335815e-05,
      0.0,
      0.00020469991075663767,
      0.0001835768311213206
    ],
    [
      0.00018277544972524797,
      0.00026295355839502793,
      0.00020469991075663767,
      0.0,
      0.0001564146089605145
    ],
    [
      0.00018506710642083972,
      0.00017378421153455177,
      0.0001835768311213206,
      0.0001564146089605145,
      0.0
    ]
  ],
  "pairwise_summary": [
    {
      "task_i": "sst2",
      "task_j": "mnli",
      "cka_before": 0.008664959853358224,
      "cka_after": 0.008896096740203092,
      "cka_delta": 0.00023113688684486822
    },
    {
      "task_i": "sst2",
      "task_j": "qnli",
      "cka_before": 0.007794632079859017,
      "cka_after": 0.007964767720871034,
      "cka_delta": 0.00017013564101201698
    },
    {
      "task_i": "sst2",
      "task_j": "cola",
      "cka_before": 0.008123075071905208,
      "cka_after": 0.008305850521630456,
      "cka_delta": 0.00018277544972524797
    },
    {
      "task_i": "sst2",
      "task_j": "rte",
      "cka_before": 0.007978639772104822,
      "cka_after": 0.008163706878525662,
      "cka_delta": 0.00018506710642083972
    },
    {
      "task_i": "mnli",
      "task_j": "qnli",
      "cka_before": 0.010112950125737687,
      "cka_after": 0.01008024766871335,
      "cka_delta": -3.2702457024335815e-05
    },
    {
      "task_i": "mnli",
      "task_j": "cola",
      "cka_before": 0.007564786789233188,
      "cka_after": 0.007827740347628216,
      "cka_delta": 0.00026295355839502793
    },
    {
      "task_i": "mnli",
      "task_j": "rte",
      "cka_before": 0.007893701467653546,
      "cka_after": 0.008067485679188097,
      "cka_delta": 0.00017378421153455177
    },
    {
      "task_i": "qnli",
      "task_j": "cola",
      "cka_before": 0.007976303487358026,
      "cka_after": 0.008181003398114664,
      "cka_delta": 0.00020469991075663767
    },
    {
      "task_i": "qnli",
      "task_j": "rte",
      "cka_before": 0.008122109786051383,
      "cka_after": 0.008305686617172703,
      "cka_delta": 0.0001835768311213206
    },
    {
      "task_i": "cola",
      "task_j": "rte",
      "cka_before": 0.008778207567734264,
      "cka_after": 0.008934622176694778,
      "cka_delta": 0.0001564146089605145
    }
  ],
  "per_module": [
    {
      "module_name": "base_model.model.model.layers.0.mlp.down_proj",
      "average_pairwise_cka_before": 0.001420101965777576,
      "average_pairwise_cka_after": 0.001470779988449067,
      "average_pairwise_cka_delta": 5.067802267149095e-05,
      "cka_before": [
        [
          1.0,
          0.001856431015767157,
          0.001253199647180736,
          0.0012380753178149462,
          0.0012921321904286742
        ],
        [
          0.001856431015767157,
          1.0,
          0.0012220258358865976,
          0.0012664899695664644,
          0.0014753922587260604
        ],
        [
          0.001253199647180736,
          0.0012220258358865976,
          1.0,
          0.0012025521136820316,
          0.0013932930305600166
        ],
        [
          0.0012380753178149462,
          0.0012664899695664644,
          0.0012025521136820316,
          1.0,
          0.0020014282781630754
        ],
        [
          0.0012921321904286742,
          0.0014753922587260604,
          0.0013932930305600166,
          0.0020014282781630754,
          1.0
        ]
      ],
      "cka_after": [
        [
          1.0,
          0.001976731466129422,
          0.0013024042127653956,
          0.0013232820201665163,
          0.0012916683917865157
        ],
        [
          0.001976731466129422,
          1.0,
          0.001286194776184857,
          0.001384567003697157,
          0.0014835604233667254
        ],
        [
          0.0013024042127653956,
          0.001286194776184857,
          1.0,
          0.0012572573032230139,
          0.0014579560374841094
        ],
        [
          0.0013232820201665163,
          0.001384567003697157,
          0.0012572573032230139,
          1.0,
          0.0019441782496869564
        ],
        [
          0.0012916683917865157,
          0.0014835604233667254,
          0.0014579560374841094,
          0.0019441782496869564,
          1.0
        ]
      ],
      "gpa_iterations": 89,
      "gpa_final_alignment_residual": 123.08234599894104,
      "gpa_optimisation_residual": 123.08246316395743
    },
    {
      "module_name": "base_model.model.model.layers.0.mlp.gate_proj",
      "average_pairwise_cka_before": 0.010425361432135105,
      "average_pairwise_cka_after": 0.0105828657746315,
      "average_pairwise_cka_delta": 0.0001575043424963951,
      "cka_before": [
        [
          1.0,
          0.01325314398854971,
          0.010623883455991745,
          0.008814624510705471,
          0.010772768408060074
        ],
        [
          0.01325314398854971,
          1.0,
          0.011592754162847996,
          0.010190269909799099,
          0.009506307542324066
        ],
        [
          0.010623883455991745,
          0.011592754162847996,
          1.0,
          0.009569531306624413,
          0.009269541129469872
        ],
        [
          0.008814624510705471,
          0.010190269909799099,
          0.009569531306624413,
          1.0,
          0.010660789906978607
        ],
        [
          0.010772768408060074,
          0.009506307542324066,
          0.009269541129469872,
          0.010660789906978607,
          1.0
        ]
      ],
      "cka_after": [
        [
          1.0,
          0.013648281805217266,
          0.01159303542226553,
          0.00949735939502716,
          0.011455407366156578
        ],
        [
          0.013648281805217266,
          1.0,
          0.011315431445837021,
          0.00988653115928173,
          0.008951129391789436
        ],
        [
          0.01159303542226553,
          0.011315431445837021,
          1.0,
          0.009478566236793995,
          0.009029814973473549
        ],
        [
          0.00949735939502716,
          0.00988653115928173,
          0.009478566236793995,
          1.0,
          0.010973100550472736
        ],
        [
          0.011455407366156578,
          0.008951129391789436,
          0.009029814973473549,
          0.010973100550472736,
          1.0
        ]
      ],
      "gpa_iterations": 100,
      "gpa_final_alignment_residual": 33.074699034310754,
      "gpa_optimisation_residual": 33.07470622864513
    },
    {
      "module_name": "base_model.model.model.layers.0.mlp.up_proj",
      "average_pairwise_cka_before": 0.010487196827307343,
      "average_pairwise_cka_after": 0.010815571621060371,
      "average_pairwise_cka_delta": 0.0003283747937530279,
      "cka_before": [
        [
          1.0,
          0.011838646605610847,
          0.012085926719009876,
          0.009141895920038223,
          0.009830363094806671
        ],
        [
          0.011838646605610847,
          1.0,
          0.01454203575849533,
          0.007764357607811689,
          0.009755763225257397
        ],
        [
          0.012085926719009876,
          0.01454203575849533,
          1.0,
          0.009629661217331886,
          0.009762919507920742
        ],
        [
          0.009141895920038223,
          0.007764357607811689,
          0.009629661217331886,
          1.0,
          0.010520398616790771
        ],
        [
          0.009830363094806671,
          0.009755763225257397,
          0.009762919507920742,
          0.010520398616790771,
          1.0
        ]
      ],
      "cka_after": [
        [
          1.0,
          0.01273687370121479,
          0.01326450053602457,
          0.009415606036782265,
          0.009864098392426968
        ],
        [
          0.01273687370121479,
          1.0,
          0.015119336545467377,
          0.008243488147854805,
          0.01069501880556345
        ],
        [
          0.01326450053602457,
          0.015119336545467377,
          1.0,
          0.009457685053348541,
          0.009205308742821217
        ],
        [
          0.009415606036782265,
          0.008243488147854805,
          0.009457685053348541,
          1.0,
          0.010153800249099731
        ],
        [
          0.009864098392426968,
          0.01069501880556345,
          0.009205308742821217,
          0.010153800249099731,
          1.0
        ]
      ],
      "gpa_iterations": 100,
      "gpa_final_alignment_residual": 32.05205990899543,
      "gpa_optimisation_residual": 32.05206145723439
    },
    {
      "module_name": "base_model.model.model.layers.0.self_attn.k_proj",
      "average_pairwise_cka_before": 0.008693248499184847,
      "average_pairwise_cka_after": 0.008870908711105584,
      "average_pairwise_cka_delta": 0.00017766021192073753,
      "cka_before": [
        [
          1.0,
          0.007900027558207512,
          0.01064635906368494,
          0.008797794580459595,
          0.007957656867802143
        ],
        [
          0.007900027558207512,
          1.0,
          0.008947049267590046,
          0.008560117334127426,
          0.007675331085920334
        ],
        [
          0.01064635906368494,
          0.008947049267590046,
          1.0,
          0.00753672793507576,
          0.008629939518868923
        ],
        [
          0.008797794580459595,
          0.008560117334127426,
          0.00753672793507576,
          1.0,
          0.01028148178011179
        ],
        [
          0.007957656867802143,
          0.007675331085920334,
          0.008629939518868923,
          0.01028148178011179,
          1.0
        ]
      ],
      "cka_after": [
        [
          1.0,
          0.00827568955719471,
          0.009817685931921005,
          0.008847324177622795,
          0.007979040034115314
        ],
        [
          0.00827568955719471,
          1.0,
          0.009127696976065636,
          0.008656960912048817,
          0.008122462779283524
        ],
        [
          0.009817685931921005,
          0.009127696976065636,
          1.0,
          0.007920518517494202,
          0.009353382512927055
        ],
        [
          0.008847324177622795,
          0.008656960912048817,
          0.007920518517494202,
          1.0,
          0.010608325712382793
        ],
        [
          0.007979040034115314,
          0.008122462779283524,
          0.009353382512927055,
          0.010608325712382793,
          1.0
        ]
      ],
      "gpa_iterations": 100,
      "gpa_final_alignment_residual": 32.041404291570984,
      "gpa_optimisation_residual": 32.04141004893201
    },
    {
      "module_name": "base_model.model.model.layers.0.self_attn.o_proj",
      "average_pairwise_cka_before": 0.009872101712971926,
      "average_pairwise_cka_after": 0.010110554751008749,
      "average_pairwise_cka_delta": 0.00023845303803682327,
      "cka_before": [
        [
          1.0,
          0.0103584174066782,
          0.011231761425733566,
          0.010182584635913372,
          0.010094626806676388
        ],
        [
          0.0103584174066782,
          1.0,
          0.009176284074783325,
          0.00951636116951704,
          0.009149131365120411
        ],
        [
          0.011231761425733566,
          0.009176284074783325,
          1.0,
          0.009635327383875847,
          0.010027646087110043
        ],
        [
          0.010182584635913372,
          0.00951636116951704,
          0.009635327383875847,
          1.0,
          0.009348876774311066
        ],
        [
          0.010094626806676388,
          0.009149131365120411,
          0.010027646087110043,
          0.009348876774311066,
          1.0
        ]
      ],
      "cka_after": [
        [
          1.0,
          0.01037489902228117,
          0.012126024812459946,
          0.010563619434833527,
          0.009838770143687725
        ],
        [
          0.01037489902228117,
          1.0,
          0.009577850811183453,
          0.01002142857760191,
          0.009173812344670296
        ],
        [
          0.012126024812459946,
          0.009577850811183453,
          1.0,
          0.010413698852062225,
          0.00973688904196024
        ],
        [
          0.010563619434833527,
          0.01002142857760191,
          0.010413698852062225,
          1.0,
          0.009278554469347
        ],
        [
          0.009838770143687725,
          0.009173812344670296,
          0.00973688904196024,
          0.009278554469347,
          1.0
        ]
      ],
      "gpa_iterations": 100,
      "gpa_final_alignment_residual": 28.902325885854964,
      "gpa_optimisation_residual": 28.90232420587386
    },
    {
      "module_name": "base_model.model.model.layers.0.self_attn.q_proj",
      "average_pairwise_cka_before": 0.008483215561136603,
      "average_pairwise_cka_after": 0.008811494335532188,
      "average_pairwise_cka_delta": 0.0003282787743955854,
      "cka_before": [
        [
          1.0,
          0.006483554374426603,
          0.007406327407807112,
          0.008284250274300575,
          0.009843931533396244
        ],
        [
          0.006483554374426603,
          1.0,
          0.006964539643377066,
          0.008880360051989555,
          0.008628761395812035
        ],
        [
          0.007406327407807112,
          0.006964539643377066,
          1.0,
          0.00812533963471651,
          0.008934512734413147
        ],
        [
          0.008284250274300575,
          0.008880360051989555,
          0.00812533963471651,
          1.0,
          0.011280578561127186
        ],
        [
          0.009843931533396244,
          0.008628761395812035,
          0.008934512734413147,
          0.011280578561127186,
          1.0
        ]
      ],
      "cka_after": [
        [
          1.0,
          0.006836106535047293,
          0.007677755784243345,
          0.009258936159312725,
          0.009407985024154186
        ],
        [
          0.006836106535047293,
          1.0,
          0.0071849524974823,
          0.009450079873204231,
          0.009467401541769505
        ],
        [
          0.007677755784243345,
          0.0071849524974823,
          1.0,
          0.008523855358362198,
          0.009110587649047375
        ],
        [
          0.009258936159312725,
          0.009450079873204231,
          0.008523855358362198,
          1.0,
          0.011197282932698727
        ],
        [
          0.009407985024154186,
          0.009467401541769505,
          0.009110587649047375,
          0.011197282932698727,
          1.0
        ]
      ],
      "gpa_iterations": 100,
      "gpa_final_alignment_residual": 32.9557708822835,
      "gpa_optimisation_residual": 32.955772029333225
    },
    {
      "module_name": "base_model.model.model.layers.0.self_attn.v_proj",
      "average_pairwise_cka_before": 0.008896730467677116,
      "average_pairwise_cka_after": 0.009530614502727986,
      "average_pairwise_cka_delta": 0.0006338840350508697,
      "cka_before": [
        [
          1.0,
          0.00745502021163702,
          0.007709156721830368,
          0.009660000912845135,
          0.009994358755648136
        ],
        [
          0.00745502021163702,
          1.0,
          0.008918434381484985,
          0.009662897326052189,
          0.008389946073293686
        ],
        [
          0.007709156721830368,
          0.008918434381484985,
          1.0,
          0.00881472509354353,
          0.008848304860293865
        ],
        [
          0.009660000912845135,
          0.009662897326052189,
          0.00881472509354353,
          1.0,
          0.00951446034014225
        ],
        [
          0.009994358755648136,
          0.008389946073293686,
          0.008848304860293865,
          0.00951446034014225,
          1.0
        ]
      ],
      "cka_after": [
        [
          1.0,
          0.008455771021544933,
          0.00816622469574213,
          0.009642970748245716,
          0.009878636337816715
        ],
        [
          0.008455771021544933,
          1.0,
          0.009828126057982445,
          0.010424953885376453,
          0.009398412890732288
        ],
        [
          0.00816622469574213,
          0.009828126057982445,
          1.0,
          0.009470113553106785,
          0.009427367709577084
        ],
        [
          0.009642970748245716,
          0.010424953885376453,
          0.009470113553106785,
          1.0,
          0.010613568127155304
        ],
        [
          0.009878636337816715,
          0.009398412890732288,
          0.009427367709577084,
          0.010613568127155304,
          1.0
        ]
      ],
      "gpa_iterations": 100,
      "gpa_final_alignment_residual": 31.281156313266706,
      "gpa_optimisation_residual": 31.281158887449703
    },
    {
      "module_name": "base_model.model.model.layers.1.mlp.down_proj",
      "average_pairwise_cka_before": 0.026968057453632354,
      "average_pairwise_cka_after": 0.027855039294809102,
      "average_pairwise_cka_delta": 0.0008869818411767483,
      "cka_before": [
        [
          1.0,
          0.05979540944099426,
          0.019210249185562134,
          0.015479488298296928,
          0.004462866112589836
        ],
        [
          0.05979540944099426,
          1.0,
          0.07183443754911423,
          0.011212155222892761,
          0.024693520739674568
        ],
        [
          0.019210249185562134,
          0.07183443754911423,
          1.0,
          0.01851707510650158,
          0.033444005995988846
        ],
        [
          0.015479488298296928,
          0.011212155222892761,
          0.01851707510650158,
          1.0,
          0.011031366884708405
        ],
        [
          0.004462866112589836,
          0.024693520739674568,
          0.033444005995988846,
          0.011031366884708405,
          1.0
        ]
      ],
      "cka_after": [
        [
          1.0,
          0.06488712877035141,
          0.020917983725667,
          0.014775838702917099,
          0.004543071612715721
        ],
        [
          0.06488712877035141,
          1.0,
          0.07453279942274094,
          0.011734126135706902,
          0.02489890530705452
        ],
        [
          0.020917983725667,
          0.07453279942274094,
          1.0,
          0.018722953274846077,
          0.032497506588697433
        ],
        [
          0.014775838702917099,
          0.011734126135706902,
          0.018722953274846077,
          1.0,
          0.011040079407393932
        ],
        [
          0.004543071612715721,
          0.02489890530705452,
          0.032497506588697433,
          0.011040079407393932,
          1.0
        ]
      ],
      "gpa_iterations": 52,
      "gpa_final_alignment_residual": 488.9197482450413,
      "gpa_optimisation_residual": 488.9212198774576
    },
    {
      "module_name": "base_model.model.model.layers.1.mlp.gate_proj",
      "average_pairwise_cka_before": 0.007850721012800932,
      "average_pairwise_cka_after": 0.008131254883483052,
      "average_pairwise_cka_delta": 0.00028053387068211963,
      "cka_before": [
        [
          1.0,
          0.007939008995890617,
          0.006962405517697334,
          0.007795778103172779,
          0.0079557029530406
        ],
        [
          0.007939008995890617,
          1.0,
          0.007457839325070381,
          0.007895121350884438,
          0.007574430666863918
        ],
        [
          0.006962405517697334,
          0.007457839325070381,
          1.0,
          0.007920976728200912,
          0.007407612167298794
        ],
        [
          0.007795778103172779,
          0.007895121350884438,
          0.007920976728200912,
          1.0,
          0.009598334319889545
        ],
        [
          0.0079557029530406,
          0.007574430666863918,
          0.007407612167298794,
          0.009598334319889545,
          1.0
        ]
      ],
      "cka_after": [
        [
          1.0,
          0.008260587230324745,
          0.007032441906630993,
          0.008337779901921749,
          0.008319059386849403
        ],
        [
          0.008260587230324745,
          1.0,
          0.007938694208860397,
          0.008809084072709084,
          0.007876944728195667
        ],
        [
          0.007032441906630993,
          0.007938694208860397,
          1.0,
          0.008072497323155403,
          0.00691630644723773
        ],
        [
          0.008337779901921749,
          0.008809084072709084,
          0.008072497323155403,
          1.0,
          0.00974915362894535
        ],
        [
          0.008319059386849403,
          0.007876944728195667,
          0.00691630644723773,
          0.00974915362894535,
          1.0
        ]
      ],
      "gpa_iterations": 100,
      "gpa_final_alignment_residual": 31.69556042398756,
      "gpa_optimisation_residual": 31.695561186447854
    },
    {
      "module_name": "base_model.model.model.layers.1.mlp.up_proj",
      "average_pairwise_cka_before": 0.0080959212500602,
      "average_pairwise_cka_after": 0.008444799575954676,
      "average_pairwise_cka_delta": 0.000348878325894475,
      "cka_before": [
        [
          1.0,
          0.008186628110706806,
          0.00622309185564518,
          0.008976630866527557,
          0.009923695586621761
        ],
        [
          0.008186628110706806,
          1.0,
          0.006557969842106104,
          0.008269716054201126,
          0.007426791358739138
        ],
        [
          0.00622309185564518,
          0.006557969842106104,
          1.0,
          0.007038615178316832,
          0.007930087856948376
        ],
        [
          0.008976630866527557,
          0.008269716054201126,
          0.007038615178316832,
          1.0,
          0.010425985790789127
        ],
        [
          0.009923695586621761,
          0.007426791358739138,
          0.007930087856948376,
          0.010425985790789127,
          1.0
        ]
      ],
      "cka_after": [
        [
          1.0,
          0.008553696796298027,
          0.006963648833334446,
          0.00910517480224371,
          0.009961807169020176
        ],
        [
          0.008553696796298027,
          1.0,
          0.006610027514398098,
          0.008588548749685287,
          0.008227819576859474
        ],
        [
          0.006963648833334446,
          0.006610027514398098,
          1.0,
          0.0074586933478713036,
          0.00862357672303915
        ],
        [
          0.00910517480224371,
          0.008588548749685287,
          0.0074586933478713036,
          1.0,
          0.010355002246797085
        ],
        [
          0.009961807169020176,
          0.008227819576859474,
          0.00862357672303915,
          0.010355002246797085,
          1.0
        ]
      ],
      "gpa_iterations": 100,
      "gpa_final_alignment_residual": 30.633823095945957,
      "gpa_optimisation_residual": 30.63382290016675
    },
    {
      "module_name": "base_model.model.model.layers.1.self_attn.k_proj",
      "average_pairwise_cka_before": 0.008066817093640566,
      "average_pairwise_cka_after": 0.007974431151524186,
      "average_pairwise_cka_delta": -9.238594211638008e-05,
      "cka_before": [
        [
          1.0,
          0.0071877650916576385,
          0.007876797579228878,
          0.007207753602415323,
          0.008114298805594444
        ],
        [
          0.0071877650916576385,
          1.0,
          0.007349830120801926,
          0.007828724570572376,
          0.007361899595707655
        ],
        [
          0.007876797579228878,
          0.007349830120801926,
          1.0,
          0.00970516074448824,
          0.009563647210597992
        ],
        [
          0.007207753602415323,
          0.007828724570572376,
          0.00970516074448824,
          1.0,
          0.008472293615341187
        ],
        [
          0.008114298805594444,
          0.007361899595707655,
          0.009563647210597992,
          0.008472293615341187,
          1.0
        ]
      ],
      "cka_after": [
        [
          1.0,
          0.0074055250734090805,
          0.007971102371811867,
          0.007595133502036333,
          0.00814207922667265
        ],
        [
          0.0074055250734090805,
          1.0,
          0.007288029417395592,
          0.007999010384082794,
          0.006943392567336559
        ],
        [
          0.007971102371811867,
          0.007288029417395592,
          1.0,
          0.008821241557598114,
          0.008989619091153145
        ],
        [
          0.007595133502036333,
          0.007999010384082794,
          0.008821241557598114,
          1.0,
          0.008589178323745728
        ],
        [
          0.00814207922667265,
          0.006943392567336559,
          0.008989619091153145,
          0.008589178323745728,
          1.0
        ]
      ],
      "gpa_iterations": 100,
      "gpa_final_alignment_residual": 31.701265013458055,
      "gpa_optimisation_residual": 31.701262178880384
    },
    {
      "module_name": "base_model.model.model.layers.1.self_attn.o_proj",
      "average_pairwise_cka_before": 0.009373077983036637,
      "average_pairwise_cka_after": 0.009573252033442258,
      "average_pairwise_cka_delta": 0.00020017405040562153,
      "cka_before": [
        [
          1.0,
          0.011269914917647839,
          0.013169091194868088,
          0.00887399073690176,
          0.007400199770927429
        ],
        [
          0.011269914917647839,
          1.0,
          0.00996815599501133,
          0.00745284091681242,
          0.00934901088476181
        ],
        [
          0.013169091194868088,
          0.00996815599501133,
          1.0,
          0.007849900051951408,
          0.007696192245930433
        ],
        [
          0.00887399073690176,
          0.00745284091681242,
          0.007849900051951408,
          1.0,
          0.010701483115553856
        ],
        [
          0.007400199770927429,
          0.00934901088476181,
          0.007696192245930433,
          0.010701483115553856,
          1.0
        ]
      ],
      "cka_after": [
        [
          1.0,
          0.010707003995776176,
          0.01319808792322874,
          0.009355579502880573,
          0.007387266959995031
        ],
        [
          0.010707003995776176,
          1.0,
          0.009907222352921963,
          0.007720137480646372,
          0.00980689562857151
        ],
        [
          0.01319808792322874,
          0.009907222352921963,
          1.0,
          0.00860489159822464,
          0.0075153773650527
        ],
        [
          0.009355579502880573,
          0.007720137480646372,
          0.00860489159822464,
          1.0,
          0.011530057527124882
        ],
        [
          0.007387266959995031,
          0.00980689562857151,
          0.0075153773650527,
          0.011530057527124882,
          1.0
        ]
      ],
      "gpa_iterations": 100,
      "gpa_final_alignment_residual": 27.80071346085691,
      "gpa_optimisation_residual": 27.80072225078638
    },
    {
      "module_name": "base_model.model.model.layers.1.self_attn.q_proj",
      "average_pairwise_cka_before": 0.008876496367156506,
      "average_pairwise_cka_after": 0.009232472768053413,
      "average_pairwise_cka_delta": 0.00035597640089690685,
      "cka_before": [
        [
          1.0,
          0.010312426835298538,
          0.008513201028108597,
          0.009754974395036697,
          0.008557564578950405
        ],
        [
          0.010312426835298538,
          1.0,
          0.007463835179805756,
          0.011279559694230556,
          0.008344965986907482
        ],
        [
          0.008513201028108597,
          0.007463835179805756,
          1.0,
          0.007505364250391722,
          0.006599627900868654
        ],
        [
          0.009754974395036697,
          0.011279559694230556,
          0.007505364250391722,
          1.0,
          0.010433443821966648
        ],
        [
          0.008557564578950405,
          0.008344965986907482,
          0.006599627900868654,
          0.010433443821966648,
          1.0
        ]
      ],
      "cka_after": [
        [
          1.0,
          0.010316929779946804,
          0.009105054661631584,
          0.009809109382331371,
          0.008713861927390099
        ],
        [
          0.010316929779946804,
          1.0,
          0.008298428729176521,
          0.011439782567322254,
          0.008365749381482601
        ],
        [
          0.009105054661631584,
          0.008298428729176521,
          1.0,
          0.008575339801609516,
          0.00726992217823863
        ],
        [
          0.009809109382331371,
          0.011439782567322254,
          0.008575339801609516,
          1.0,
          0.010430549271404743
        ],
        [
          0.008713861927390099,
          0.008365749381482601,
          0.00726992217823863,
          0.010430549271404743,
          1.0
        ]
      ],
      "gpa_iterations": 75,
      "gpa_final_alignment_residual": 32.63293419628491,
      "gpa_optimisation_residual": 32.632933599304494
    },
    {
      "module_name": "base_model.model.model.layers.1.self_attn.v_proj",
      "average_pairwise_cka_before": 0.00883957790210843,
      "average_pairwise_cka_after": 0.009150119218975305,
      "average_pairwise_cka_delta": 0.000310541316866874,
      "cka_before": [
        [
          1.0,
          0.008076309226453304,
          0.006620314903557301,
          0.00936903152614832,
          0.008414528332650661
        ],
        [
          0.008076309226453304,
          1.0,
          0.008400735445320606,
          0.010239568538963795,
          0.009037820622324944
        ],
        [
          0.006620314903557301,
          0.008400735445320606,
          1.0,
          0.00841931439936161,
          0.010021645575761795
        ],
        [
          0.00936903152614832,
          0.010239568538963795,
          0.00841931439936161,
          1.0,
          0.009796510450541973
        ],
        [
          0.008414528332650661,
          0.009037820622324944,
          0.010021645575761795,
          0.009796510450541973,
          1.0
        ]
      ],
      "cka_after": [
        [
          1.0,
          0.008574012666940689,
          0.0071153948083519936,
          0.010080073028802872,
          0.009304171428084373
        ],
        [
          0.008574012666940689,
          1.0,
          0.008256444707512856,
          0.00999984610825777,
          0.009284465573728085
        ],
        [
          0.0071153948083519936,
          0.008256444707512856,
          1.0,
          0.008860691450536251,
          0.009929331950843334
        ],
        [
          0.010080073028802872,
          0.00999984610825777,
          0.008860691450536251,
          1.0,
          0.010096760466694832
        ],
        [
          0.009304171428084373,
          0.009284465573728085,
          0.009929331950843334,
          0.010096760466694832,
          1.0
        ]
      ],
      "gpa_iterations": 100,
      "gpa_final_alignment_residual": 30.079740179485043,
      "gpa_optimisation_residual": 30.079742379760653
    },
    {
      "module_name": "base_model.model.model.layers.10.mlp.down_proj",
      "average_pairwise_cka_before": 0.001086232514353469,
      "average_pairwise_cka_after": 0.00111889120307751,
      "average_pairwise_cka_delta": 3.2658688724040985e-05,
      "cka_before": [
        [
          1.0,
          0.0007708191988058388,
          0.0005172640667296946,
          0.0007841357728466392,
          0.0007690723869018257
        ],
        [
          0.0007708191988058388,
          1.0,
          0.001790530513972044,
          0.0009664611425250769,
          0.001268043415620923
        ],
        [
          0.0005172640667296946,
          0.001790530513972044,
          1.0,
          0.001066733617335558,
          0.001269398257136345
        ],
        [
          0.0007841357728466392,
          0.0009664611425250769,
          0.001066733617335558,
          1.0,
          0.0016598667716607451
        ],
        [
          0.0007690723869018257,
          0.001268043415620923,
          0.001269398257136345,
          0.0016598667716607451,
          1.0
        ]
      ],
      "cka_after": [
        [
          1.0,
          0.0008490849286317825,
          0.0005452987970784307,
          0.0007758708670735359,
          0.0007534673786722124
        ],
        [
          0.0008490849286317825,
          1.0,
          0.0018787573790177703,
          0.0010575017658993602,
          0.0012932094978168607
        ],
        [
          0.0005452987970784307,
          0.0018787573790177703,
          1.0,
          0.0010037467582151294,
          0.00126754492521286
        ],
        [
          0.0007758708670735359,
          0.0010575017658993602,
          0.0010037467582151294,
          1.0,
          0.001764429733157158
        ],
        [
          0.0007534673786722124,
          0.0012932094978168607,
          0.00126754492521286,
          0.001764429733157158,
          1.0
        ]
      ],
      "gpa_iterations": 100,
      "gpa_final_alignment_residual": 90.36452337959076,
      "gpa_optimisation_residual": 90.364657088758
    },
    {
      "module_name": "base_model.model.model.layers.10.mlp.gate_proj",
      "average_pairwise_cka_before": 0.00863797259517014,
      "average_pairwise_cka_after": 0.008648724760860205,
      "average_pairwise_cka_delta": 1.0752165690065124e-05,
      "cka_before": [
        [
          1.0,
          0.007186334580183029,
          0.00923661794513464,
          0.009980317205190659,
          0.011024536564946175
        ],
        [
          0.007186334580183029,
          1.0,
          0.005838341545313597,
          0.00828474573791027,
          0.008141724392771721
        ],
        [
          0.00923661794513464,
          0.005838341545313597,
          1.0,
          0.007931278087198734,
          0.008246277458965778
        ],
        [
          0.009980317205190659,
          0.00828474573791027,
          0.007931278087198734,
          1.0,
          0.0105095524340868
        ],
        [
          0.011024536564946175,
          0.008141724392771721,
          0.008246277458965778,
          0.0105095524340868,
          1.0
        ]
      ],
      "cka_after": [
        [
          1.0,
          0.007387159857898951,
          0.009390130639076233,
          0.010107357986271381,
          0.01110377162694931
        ],
        [
          0.007387159857898951,
          1.0,
          0.005611884873360395,
          0.007846630178391933,
          0.008351342752575874
        ],
        [
          0.009390130639076233,
          0.005611884873360395,
          1.0,
          0.007991856895387173,
          0.008672542870044708
        ],
        [
          0.010107357986271381,
          0.007846630178391933,
          0.007991856895387173,
          1.0,
          0.010024569928646088
        ],
        [
          0.01110377162694931,
          0.008351342752575874,
          0.008672542870044708,
          0.010024569928646088,
          1.0
        ]
      ],
      "gpa_iterations": 91,
      "gpa_final_alignment_residual": 31.23761296441438,
      "gpa_optimisation_residual": 31.237611035819157
    },
    {
      "module_name": "base_model.model.model.layers.10.mlp.up_proj",
      "average_pairwise_cka_before": 0.009643575921654702,
      "average_pairwise_cka_after": 0.010141040943562985,
      "average_pairwise_cka_delta": 0.0004974650219082832,
      "cka_before": [
        [
          1.0,
          0.010068198665976524,
          0.008778049610555172,
          0.010631697252392769,
          0.010316943749785423
        ],
        [
          0.010068198665976524,
          1.0,
          0.009623355232179165,
          0.008419725112617016,
          0.009404956363141537
        ],
        [
          0.008778049610555172,
          0.009623355232179165,
          1.0,
          0.009063501842319965,
          0.009089826606214046
        ],
        [
          0.010631697252392769,
          0.008419725112617016,
          0.009063501842319965,
          1.0,
          0.011039504781365395
        ],
        [
          0.010316943749785423,
          0.009404956363141537,
          0.009089826606214046,
          0.011039504781365395,
          1.0
        ]
      ],
      "cka_after": [
        [
          1.0,
          0.010362489148974419,
          0.009444030001759529,
          0.011170683428645134,
          0.010707915760576725
        ],
        [
          0.010362489148974419,
          1.0,
          0.010387361980974674,
          0.009405005723237991,
          0.010112667456269264
        ],
        [
          0.009444030001759529,
          0.010387361980974674,
          1.0,
          0.008985317312180996,
          0.00969280581921339
        ],
        [
          0.011170683428645134,
          0.009405005723237991,
          0.008985317312180996,
          1.0,
          0.011142132803797722
        ],
        [
          0.010707915760576725,
          0.010112667456269264,
          0.00969280581921339,
          0.011142132803797722,
          1.0
        ]
      ],
      "gpa_iterations": 100,
      "gpa_final_alignment_residual": 29.133475720617696,
